.Random.seed <-
c(403L, 10L, 1190741809L, 1694678496L, -1338103170L, -658097911L, 
1521638203L, -201198838L, 1369430764L, 473536367L, 1513871525L, 
-1097035172L, -1247813070L, 1786235181L, 1644564455L, -1384859890L, 
-1568986904L, 1168014059L, 1179259785L, 470380312L, -1097100730L, 
-569044319L, -1836640973L, 99183778L, -2006744172L, -807953897L, 
-1689592307L, -215221468L, -421796086L, 1778166389L, 1428314575L, 
-1960140074L, -855013760L, -416970557L, 638871137L, 1377484496L, 
1336371246L, -641114663L, 1049035243L, -813366182L, 805633564L, 
-1172353249L, 1345135477L, -805205492L, -1430713374L, -1724761923L, 
-1620170953L, 1273081822L, 1520311576L, -2127712133L, -516676071L, 
-2008772952L, -376816554L, 1424562385L, -1463827325L, 1228072722L, 
1543635620L, 1309134439L, 1309097917L, 1341960500L, -1049939302L, 
1932734693L, -1684704641L, 635485190L, 1247530896L, -2015219149L, 
-1327830575L, -778585216L, -646023586L, 1733111209L, 1641872475L, 
-1687821206L, -2002739956L, 1512210255L, 227310597L, -712990020L, 
888271762L, 1156001933L, -1480161593L, -7614546L, -1366754808L, 
-753943029L, 1937307369L, -947383880L, -107958682L, -1395479807L, 
1846279571L, 968103490L, 1640925684L, -363793417L, -1518336019L, 
1977802884L, -1333135702L, 469543957L, -1782408017L, 628576950L, 
-125038368L, -1131701213L, -1038179519L, -799166928L, -1054438322L, 
644547769L, 1604681931L, -1769673350L, -1375981444L, -90467137L, 
1253269909L, -183932500L, 565558146L, -2094268067L, -1907015593L, 
-400779458L, -1766727816L, -1249577893L, -1946385479L, 288702984L, 
1869113526L, 1034964977L, -1895761373L, -1572736398L, 1953032388L, 
886079111L, -1050986915L, -239642540L, 865053306L, -1444113979L, 
716227359L, -2081853786L, -1745518544L, -568909101L, -1639261967L, 
-492149728L, 72786622L, 1662420681L, -485473157L, -1096156598L, 
1498234540L, 1357281711L, 1781485925L, 357662492L, -1980177550L, 
1112563693L, -1421307865L, -2147055538L, -409162584L, 1478345387L, 
-1204336695L, 916569048L, 1574374022L, -1265063071L, 1950920435L, 
1374122338L, -577245228L, -218711337L, 190496973L, 945010788L, 
-327379382L, 1751065525L, 740409103L, 1298512918L, -1132296512L, 
-1499307901L, 1314675873L, -680529264L, -284266130L, 767291161L, 
-1801313365L, -1437953638L, -843864740L, 973298783L, -1652038603L, 
966336460L, -2072847582L, 200566141L, 747071095L, -1107918946L, 
1996938840L, -694847557L, 1204296025L, -993160472L, 805407510L, 
-342156143L, -715181757L, -1129243566L, 399826660L, -961279705L, 
1596287357L, 592027764L, 427180634L, -1384001883L, -355025729L, 
-475660474L, -1416430128L, -217088013L, -968268015L, 1473292096L, 
-1672294626L, -1121820695L, 1492677915L, 428085034L, 246775884L, 
997427215L, -1500937403L, 1253942524L, 830288722L, 92988621L, 
-823016313L, 1599782766L, -2139188920L, -267217589L, 466090153L, 
1767950840L, -1809999578L, 1609763393L, -886938669L, -1318669950L, 
-205089356L, -137346761L, 1144366125L, 213807428L, -1012971926L, 
1933840597L, -98435473L, 1811889014L, -213168992L, -764172957L, 
-1105975807L, -383277712L, 69039374L, 722809890L, -2025254904L, 
-900752244L, 1267023900L, 990381202L, 1976200320L, 1016488980L, 
-1958108376L, 602780730L, 1196174544L, -510733204L, -728353100L, 
2082963474L, 291028960L, -242701364L, -967172640L, 848890914L, 
-531180248L, -475334388L, 1230114364L, -11942670L, -572253968L, 
-381380796L, 1274351704L, -1592761798L, 2018363632L, -991305028L, 
-2097493484L, 1914113218L, 573691488L, -2009160324L, 1675273424L, 
153031714L, -131536728L, 1697635724L, 915751356L, 1170819122L, 
1472697152L, 1143512756L, 168694088L, 960778938L, 1057988368L, 
-1791483668L, 345487444L, -1791572206L, -27573856L, 1658546124L, 
160505696L, -743781182L, 1464208936L, -1552471636L, -1323048132L, 
-131759246L, -115765456L, 11870244L, -1159176648L, 1362834138L, 
-874514544L, -815852292L, -970953324L, -1333214398L, -2031351296L, 
2050476092L, 343630416L, -819076958L, 90137416L, -385189364L, 
-1012557092L, 1437118546L, 2003504256L, -396081324L, -1808031768L, 
1742762746L, 146925392L, 1360102444L, -1350760076L, -558641518L, 
1500463712L, -2100252532L, 50811232L, 1789245666L, 1606003880L, 
-1750878516L, 437221884L, 1811295154L, -1493597200L, 1283293636L, 
1152367960L, -2106396294L, -1505332816L, -1678612036L, -86204844L, 
-596395582L, -615423200L, -962866244L, 348926032L, -546989086L, 
1601879912L, -772196532L, -439718148L, 186509042L, 346004736L, 
-574415756L, 1615433224L, 1368991162L, 108799440L, 1223600108L, 
15854484L, -489191214L, 544896096L, -173658804L, 790745888L, 
-777598334L, -1325248024L, 420944876L, -184807876L, -142244238L, 
1036839792L, 1492004132L, -1476388296L, -2070920806L, 410316240L, 
347850172L, 1318366868L, 743142018L, 1271852480L, -875309252L, 
1395966608L, -198629598L, 1044792840L, 1646355212L, -563080292L, 
-893985774L, 1328491392L, 1330277140L, -786483928L, 366952506L, 
-114854960L, -1947862420L, -538358732L, -1043992430L, 953850208L, 
-487793332L, -1012746784L, -1311335518L, -774833240L, 878259340L, 
1230824380L, 754291826L, -286349328L, -100027324L, 201042008L, 
1531662394L, -230709136L, -386527684L, -1268283628L, 19458754L, 
-875621664L, -771668868L, 1284025552L, 555811746L, 173833768L, 
-823766772L, -1537493060L, -1838628558L, 1406146752L, -1237650892L, 
-556225848L, -1634823494L, -2135319408L, -98519316L, -1751140780L, 
740718226L, 1531307808L, 88807372L, 176629984L, 596123330L, 1384567848L, 
1393212332L, 549116604L, -932306446L, 191755824L, 1957762980L, 
323408312L, 1530145626L, -1642732400L, 1172069244L, 69889812L, 
-516903614L, 848170752L, -1534133316L, 1714909008L, -572903134L, 
-1470657976L, -1785849844L, 1476185180L, 1565077970L, -1799883264L, 
1317318996L, -176049944L, -1840516870L, -2132576560L, 1935288620L, 
-1935357708L, -1892147822L, -2114983584L, -18520052L, 784935648L, 
1351037538L, -1483617624L, -1061221812L, -1645357188L, -917594830L, 
1366591088L, -376464572L, 2146162648L, 19083130L, -691978704L, 
-584992836L, -1454823852L, -1011083198L, -54980448L, -24088900L, 
1344973264L, -43662494L, 1074963176L, 2132578508L, -1930669401L, 
-2102612239L, 1910685238L, 1928307412L, -1461488027L, 1051550831L, 
-1065640280L, -1936802810L, -858633933L, 1080006037L, 1560197618L, 
-1580124608L, -1594681431L, 401119771L, 1517761516L, -2141563910L, 
-874618833L, -1431580615L, 1347265102L, 1978016412L, 157984781L, 
-1047956361L, 249947264L, 67121886L, 1686872491L, 1785797293L, 
505511706L, -229122088L, -241275839L, 1138023155L, 1134009620L, 
1272572066L, -1846565449L, -723732095L, -993362042L, 70725060L, 
-456454923L, 1954850143L, -2121218120L, 357591702L, -962751325L, 
277163621L, 45652866L, 1135433968L, 1946960025L, -100575093L, 
-1823768196L, 1564573610L, 708034527L, 673918313L, 1108283774L, 
-2144288404L, 105757117L, -1065850233L, -931418512L, -1315900146L, 
-205825477L, -1139728099L, 1581536202L, -178418456L, 1748807633L, 
-782974525L, -836212028L, 234252658L, 1015149639L, 1664587793L, 
573505942L, -1360636684L, -1303634299L, 1237972943L, 469350088L, 
-1155354778L, -1847994989L, 1761289973L, -996260142L, -1273065184L, 
308953353L, 23455291L, 887176076L, 2008652314L, -885708145L, 
1911616985L, 756243054L, 165579260L, -1967936659L, -1748601577L, 
-203669280L, 1188705982L, 660337803L, -199654643L, 1243554618L, 
-1293608072L, 1132849441L, -253214253L, 325660916L, 2055672194L, 
1121883159L, 2092237537L, 2138192934L, -2056165084L, -1357485611L, 
290309503L, 883293208L, 325759798L, -1308383805L, 39046149L, 
-487258206L, 777831312L, 678037305L, 469218283L, 1201358044L, 
5659914L, 1806730239L, -1658849719L, -1124285474L, -2086626420L, 
820050781L, 1117735783L, -1798717296L, -736633170L, 1157823323L, 
1468582717L, -866041430L, 1482206792L, -352313743L, 24969187L, 
1065102052L, 165499410L, 1421919719L, 1660080561L, -1155319818L, 
-469497324L, 510801189L, 1211262511L, -1420114968L, -323513146L, 
-1629015693L, -179217963L, 1982574002L, -1410677888L, 2081912681L, 
1987386331L, 1426998060L, -419160774L, 272393199L, -2102987143L, 
